Date              C           SP
20010102      -0.011016     -0.028032
20010103       0.087871      0.050099
20010104       0.013652     -0.010552
20010105      -0.035915     -0.026242
20010108      -0.005821     -0.001918
20010109      -0.022248      0.003812
20010110       0.033533      0.009586
20010111       0.019699      0.010318
20010112      -0.034091     -0.006406
20010116       0.029412      0.006319
20010117      -0.016000      0.002126
20010118       0.008130      0.013915
20010119       0.002304     -0.004028
20010122      -0.009195      0.000268
20010123       0.018561      0.013032
20010124       0.017084      0.002867
20010125      -0.008959     -0.004977
20010126      -0.002260     -0.001886
20010129       0.018347      0.006805
20010130       0.000000      0.007008
20010131      -0.004093     -0.005620
20010201       0.005003      0.005461
20010202      -0.011584     -0.017474
20010205       0.015146      0.003587
20010206      -0.020781     -0.001514
20010207      -0.013967     -0.008408
20010208      -0.004783     -0.006235
20010209      -0.000924     -0.013336
20010212       0.025902      0.011827
20010213      -0.015509     -0.008652
20010214      -0.017219     -0.002184
20010215       0.007828      0.008124
20010216      -0.001295     -0.018905
20010220      -0.051852     -0.017357
20010221      -0.056641     -0.018508
20010222       0.006211     -0.001952
20010223      -0.008230     -0.005555
20010226       0.043568      0.017490
20010227      -0.009940     -0.007660
20010228      -0.012450     -0.014309
20010301      -0.010777      0.001040
20010302      -0.013361     -0.005680
20010305       0.005208      0.005858
20010306       0.007876      0.009981
20010307       0.037425      0.006452
20010308       0.005946      0.002259
20010309      -0.031921     -0.024764
20010312      -0.041319     -0.043181
20010313       0.027389      0.014829
20010314      -0.072122     -0.025842
20010315       0.033408      0.005871
20010316      -0.019397     -0.019624
20010319       0.017582      0.017627
20010320      -0.043197     -0.024077
20010321      -0.046275     -0.017924
20010322      -0.039053     -0.004064
20010323       0.055419      0.019909
20010326       0.031505      0.011282
20010327       0.050905      0.025575
20010328      -0.029064     -0.024430
20010329      -0.008869     -0.004630
20010330       0.006264      0.010784
20010402       0.016007     -0.012462
20010403      -0.043764     -0.034393
20010404      -0.022883     -0.002901
20010405       0.053864      0.043680
20010406      -0.050000     -0.019984
20010409       0.001871      0.008117
20010410       0.060005      0.027066
20010411       0.020705     -0.002131
20010412       0.020716      0.015104
20010416      -0.007400     -0.003228
20010417       0.020660      0.010282
20010418       0.044449      0.038890
20010419       0.004995      0.012551
20010420      -0.017495     -0.008551
20010423      -0.018818     -0.014980
20010424       0.004331     -0.012161
20010425       0.012320      0.015941
20010426       0.004260      0.004696
20010427       0.028277      0.015010
20010430      -0.034571     -0.002865
20010501       0.025432      0.013590
20010502       0.003968      0.000782
20010503       0.010672     -0.014873
20010504      -0.004314      0.014440
20010507      -0.002560     -0.002447
20010508      -0.016782     -0.001828
20010509      -0.007028     -0.004488
20010510       0.003033     -0.000287
20010511      -0.006855     -0.007577
20010514       0.017052      0.002609
20010515       0.008982      0.000416
20010516       0.024530      0.028453
20010517      -0.021240      0.002724
20010518       0.003354      0.002693
20010521       0.013763      0.016154
20010522       0.019201     -0.002628
20010523      -0.010276     -0.015526
20010524       0.010767      0.003196
20010525      -0.013506     -0.011816
20010529      -0.005014     -0.007794
20010530      -0.015891     -0.015655
20010531       0.009256      0.006202
20010601       0.010732      0.003862
20010604       0.009266      0.005108
20010605       0.005547      0.012990
20010606      -0.013506     -0.010549
20010607      -0.008292      0.005457
20010608      -0.009333     -0.009397
20010611      -0.010795     -0.008356
20010612      -0.000397      0.001164
20010613      -0.009726     -0.011347
20010614      -0.025656     -0.017502
20010615       0.014195     -0.004517
20010618       0.009939     -0.004883
20010619       0.019281      0.003434
20010620      -0.001970      0.008709
20010621       0.057256      0.011364
20010622      -0.002801     -0.009450
20010625      -0.015918     -0.005509
20010626      -0.007612     -0.001510
20010627      -0.008629     -0.004676
20010628       0.017408      0.012493
20010629       0.004563     -0.001452
20010702       0.012112      0.010037
20010703      -0.008040     -0.001827
20010705      -0.014515     -0.012321
20010706      -0.028500     -0.023498
20010709       0.000197      0.006879
20010710      -0.033071     -0.014398
20010711      -0.030945     -0.001134
20010712       0.023109      0.023691
20010713       0.003285      0.006241
20010716       0.005935     -0.010883
20010717       0.031740      0.009971
20010718      -0.001775     -0.005542
20010719      -0.009285      0.006053
20010720       0.008175     -0.003432
20010723      -0.006725     -0.016369
20010724      -0.024890     -0.016272
20010725       0.007760      0.016080
20010726       0.013171      0.010449
20010727       0.001000      0.002402
20010730      -0.008192     -0.001078
20010731       0.011483      0.005571
20010801       0.008564      0.003880
20010802       0.011256      0.003964
20010803       0.001567     -0.005243
20010806      -0.014277     -0.011422
20010807       0.007936      0.003265
20010808      -0.023622     -0.017328
20010809      -0.003831     -0.000084
20010810       0.004655      0.005687
20010813      -0.010274      0.000949
20010814      -0.007735     -0.003828
20010815      -0.003077     -0.007339
20010816      -0.014815      0.003090
20010817      -0.026734     -0.016663
20010820       0.017167      0.008124
20010821      -0.010549     -0.012079
20010822       0.002132      0.006956
20010823      -0.004468     -0.002763
20010824       0.032272      0.019654
20010827      -0.006211     -0.004827
20010828      -0.019792     -0.015010
20010829      -0.012752     -0.011115
20010830      -0.019806     -0.017038
20010831       0.005930      0.004030
20010904       0.007860     -0.000565
20010905      -0.012565     -0.001059
20010906      -0.033567     -0.022390
20010907      -0.014302     -0.018637
20010910      -0.022340      0.006226
20010917      -0.067138     -0.049216
20010918      -0.006566     -0.005805
20010919      -0.022623     -0.016112
20010920      -0.054356     -0.031060
20010921       0.000000     -0.019034
20010924       0.072607      0.038983
20010925       0.001026      0.008790
20010926       0.006916     -0.005167
20010927       0.014246      0.011489
20010928       0.015801      0.021922
20011001       0.030864     -0.002296
20011002       0.011976      0.012306
20011003       0.029112      0.019927
20011004       0.003220     -0.002471
20011005      -0.011921      0.001636
20011008      -0.015777     -0.008344
20011009       0.006601     -0.005356
20011010       0.037705      0.022938
20011011       0.032498      0.015208
20011012      -0.015082     -0.005267
20011015      -0.005770     -0.001530
20011016       0.028795      0.006936
20011017       0.010197     -0.018633
20011018      -0.001289     -0.007873
20011019      -0.013979      0.004557
20011022       0.025300      0.015296
20011023       0.004893     -0.004698
20011024      -0.006351      0.000387
20011025       0.024712      0.013721
20011026       0.009979      0.004109
20011029      -0.044874     -0.023818
20011030      -0.018319     -0.017166
20011031      -0.000659     -0.000009
20011101       0.019552      0.022948
20011102       0.014703      0.002860
20011105       0.007245      0.014386
20011106       0.005923      0.014526
20011107       0.011567     -0.002735
20011108       0.008316      0.002456
20011109      -0.004124      0.001582
20011112      -0.002070     -0.001767
20011113       0.036307      0.018563
20011114       0.010010      0.001861
20011115      -0.007136      0.000903
20011116      -0.025754     -0.003143
20011119       0.016393      0.010899
20011120      -0.001008     -0.007298
20011121      -0.013118     -0.004927
20011123       0.021268      0.011706
20011126       0.017421      0.006155
20011127      -0.005117     -0.006843
20011128      -0.054402     -0.018251
20011129       0.011716      0.010350
20011130      -0.009512     -0.000658
20011203      -0.020668     -0.008381
20011204       0.019612      0.013187
20011205       0.024462      0.022318
20011206       0.012245     -0.002777
20011207      -0.007863     -0.007531
20011210      -0.026214     -0.015868
20011211       0.014399     -0.002781
20011212      -0.009463      0.000273
20011213      -0.014538     -0.015558
20011214      -0.016017      0.003314
20011217       0.014564      0.010035
20011218       0.015411      0.007546
20011219       0.039501      0.005810
20011220      -0.005800     -0.008377
20011221       0.008851      0.004351
20011224      -0.003589     -0.000210
20011226       0.005003      0.004124
20011227       0.010354      0.006752
20011228       0.008869      0.003362
20011231      -0.013870     -0.011145
20020102       0.010499      0.005740
20020103       0.000784      0.009180
20020104       0.018609      0.006213
20020107      -0.011731     -0.006499
20020108      -0.036778     -0.003588
20020109       0.005859     -0.004799
20020110       0.001205      0.001221
20020111      -0.015647     -0.009468
20020114      -0.003872     -0.006276
20020115       0.017185      0.006834
20020116      -0.017297     -0.016245
20020117       0.021285      0.010030
20020118       0.001202     -0.009922
20020122      -0.015212     -0.007334
20020123       0.006098      0.007925
20020124       0.008081      0.003519
20020125      -0.005611      0.000998
20020128      -0.006247     -0.000194
20020129      -0.052728     -0.028613
20020130       0.016913      0.011748
20020131       0.001263      0.014934
20020201      -0.019198     -0.007078
20020204      -0.047107     -0.024737
20020205       0.011287     -0.004039
20020206      -0.017857     -0.005972
20020207       0.003182     -0.003083
20020208       0.030585      0.014859
20020211       0.007474      0.014340
20020212      -0.014837     -0.003993
20020213       0.004430      0.009941
20020214       0.004410     -0.001815
20020215      -0.031174     -0.011017
20020219      -0.043281     -0.018874
20020220       0.030791      0.013514
20020221      -0.016544     -0.015510
20020222      -0.009346      0.008224
20020225       0.032783      0.017975
20020226       0.000228     -0.000045
20020227       0.010046      0.000460
20020228       0.022830     -0.002847
20020301       0.012155      0.022634
20020304       0.039520      0.019491
20020305       0.001890     -0.006673
20020306       0.020964      0.014510
20020307       0.000411     -0.004498
20020308       0.003079      0.005849
20020311       0.000614      0.003393
20020312       0.008793     -0.002294
20020313      -0.019055     -0.009858
20020314       0.008680     -0.000910
20020315       0.018029      0.011379
20020318      -0.002817     -0.000523
20020319       0.007064      0.004067
20020320      -0.013026     -0.015757
20020321       0.007107      0.001511
20020322       0.004839     -0.004239
20020325      -0.023876     -0.014651
20020326       0.010277      0.005849
20020327       0.017294      0.005349
20020328      -0.009600      0.002455
20020401      -0.001414     -0.000741
20020402       0.000000     -0.008530
20020403      -0.013751     -0.009993
20020404      -0.002461      0.000835
20020405       0.000411     -0.003205
20020408      -0.001438      0.002280
20020409       0.004938     -0.006656
20020410      -0.004300      0.011335
20020411      -0.038454     -0.023689
20020412       0.007271      0.006632
20020415      -0.025053     -0.007615
20020416       0.047692      0.023418
20020417      -0.010185     -0.002038
20020418      -0.011970     -0.001421
20020419      -0.011052      0.000623
20020422      -0.023211     -0.015411
20020423       0.001100     -0.006201
20020424      -0.017582     -0.007103
20020425      -0.012304     -0.001519
20020426      -0.024915     -0.013889
20020429      -0.003949     -0.010099
20020430       0.009795      0.010765
20020501       0.015242      0.008859
20020502       0.026615     -0.001749
20020503      -0.014683     -0.010262
20020506      -0.041996     -0.019340
20020507      -0.006599     -0.003021
20020508       0.062159      0.037504
20020509      -0.009828     -0.014547
20020510      -0.023235     -0.016794
20020513       0.021709      0.018550
20020514       0.026221      0.021144
20020515       0.007929     -0.005659
20020516       0.012893      0.006562
20020517       0.009277      0.007612
20020520      -0.019880     -0.013293
20020521      -0.012868     -0.010990
20020522      -0.005745      0.005686
20020523       0.007556      0.010184
20020524      -0.011469     -0.012087
20020528      -0.018742     -0.008553
20020529      -0.010914     -0.006412
20020530      -0.003678     -0.002810
20020531      -0.003692      0.002329
20020603      -0.018064     -0.024795
20020604      -0.009670      0.000010
20020605       0.008335      0.008850
20020606      -0.008030     -0.019764
20020607      -0.023810     -0.001574
20020610       0.017073      0.003124
20020611      -0.023741     -0.016629
20020612       0.012036      0.006571
20020613      -0.024757     -0.010488
20020614       0.000498     -0.002268
20020617       0.065423      0.028691
20020618       0.005603      0.000936
20020619      -0.023450     -0.016536
20020620      -0.037328     -0.013432
20020621      -0.017041     -0.017043
20020624      -0.005276      0.003619
20020625      -0.011872     -0.016702
20020626      -0.054192     -0.002674
20020627       0.058378      0.017575
20020628      -0.010470     -0.000838
20020701      -0.006710     -0.021378
20020702      -0.026241     -0.021225
20020703      -0.012540      0.006223
20020705       0.068630      0.036730
20020708      -0.027307     -0.012184
20020709      -0.023395     -0.024719
20020710      -0.027149     -0.033962
20020711       0.009576      0.007496
20020712      -0.014905     -0.006448
20020715       0.016231     -0.003755
20020716      -0.020032     -0.018389
20020717       0.020166      0.005538
20020718      -0.000812     -0.027019
20020719      -0.024390     -0.038341
20020722      -0.110000     -0.032922
20020723      -0.157303     -0.027017
20020724       0.095926      0.057315
20020725       0.002028     -0.005620
20020726       0.036762      0.016884
20020729       0.083604      0.054078
20020730       0.019213      0.004249
20020731      -0.012077      0.009792
20020801      -0.031604     -0.029574
20020802      -0.043963     -0.023082
20020805      -0.072215     -0.034296
20020806       0.061082      0.029919
20020807       0.036842      0.020010
20020808       0.075508      0.032722
20020809       0.012094      0.003512
20020812      -0.006704     -0.005327
20020813      -0.028756     -0.021675
20020814       0.064653      0.040047
20020815       0.017026      0.011559
20020816      -0.026228     -0.001591
20020819       0.041547      0.023633
20020820      -0.015406     -0.013979
20020821       0.023310      0.012726
20020822       0.024163      0.014052
20020823      -0.033542     -0.022686
20020826       0.011765      0.007536
20020827      -0.005814     -0.013851
20020828      -0.030702     -0.018132
20020829      -0.009955     -0.000076
20020830      -0.002133     -0.001885
20020903      -0.102595     -0.041536
20020904       0.030963      0.017517
20020905      -0.033003     -0.015950
20020906       0.033447      0.016800
20020909       0.026090      0.010113
20020910      -0.006437      0.007331
20020911      -0.023648     -0.000143
20020912      -0.032847     -0.024784
20020913       0.007890      0.003270
20020916       0.017018      0.001450
20020917      -0.002677     -0.019728
20020918      -0.023154     -0.004648
20020919      -0.050155     -0.030065
20020920      -0.029656      0.002455
20020923       0.027581     -0.013828
20020924      -0.013420     -0.017284
20020925       0.032353      0.024863
20020926       0.050926      0.018210
20020927      -0.016605     -0.032259
20020930       0.021709     -0.014600
20021001       0.045531      0.040010
20021002      -0.045161     -0.023587
20021003      -0.036824     -0.010822
20021004      -0.018590     -0.022431
20021007      -0.044675     -0.019111
20021008       0.041526      0.016898
20021009      -0.034124     -0.027287
20021010       0.062477      0.034966
20021011       0.064053      0.039059
20021014      -0.002961      0.007327
20021015       0.126361      0.047336
20021016      -0.008494     -0.024113
20021017       0.056130      0.022302
20021018      -0.021538      0.005903
20021021       0.015437      0.017334
20021022       0.000281     -0.010626
20021023      -0.001126      0.006718
20021024      -0.023105     -0.015221
20021025       0.029709      0.017167
20021028       0.016807     -0.008266
20021029       0.005510     -0.009076
20021030       0.015890      0.009704
20021031       0.001348     -0.005557
20021101       0.018945      0.017160
20021104      -0.001328      0.008191
20021105       0.010904      0.007761
20021106      -0.003157      0.009144
20021107      -0.038005     -0.022852
20021108       0.011523     -0.008763
20021111      -0.031733     -0.020732
20021112       0.019328      0.007715
20021113      -0.038197     -0.000476
20021114       0.032571      0.024634
20021115       0.021029      0.006149
20021118      -0.029268     -0.010409
20021119       0.017309     -0.004021
20021120       0.037047      0.019415
20021121       0.030431      0.021452
20021122      -0.010272     -0.003438
20021125       0.002854      0.002504
20021126      -0.038551     -0.020978
20021127       0.048708      0.027986
20021129      -0.002309     -0.002727
20021202      -0.009259     -0.001901
20021203      -0.017394     -0.014745
20021204       0.000000     -0.003454
20021205      -0.018758     -0.012010
20021206       0.011309      0.006266
20021209      -0.037540     -0.022176
20021210       0.017704      0.013957
20021211      -0.014406      0.000564
20021212       0.009928     -0.003724
20021213      -0.016931     -0.013432
20021216       0.041111      0.023519
20021217      -0.009338     -0.008139
20021218       0.000539     -0.013145
20021219      -0.004038     -0.007709
20021220       0.030811      0.013005
20021223      -0.012061      0.001820
20021224      -0.031316     -0.005471
20021226      -0.013151     -0.003149
20021227      -0.023598     -0.016029
20021230       0.002275      0.004558
20021231      -0.001702      0.000489
20030102       0.032964      0.033200
20030103      -0.006602     -0.000484
20030106       0.033232      0.022474
20030107      -0.008845     -0.006545
20030108      -0.007842     -0.014086
20030109       0.009267      0.019397
20030110       0.011612     -0.000011
20030113      -0.011212     -0.001412
20030114       0.024028      0.005830
20030115      -0.012655     -0.014426
20030116      -0.009079     -0.003942
20030117      -0.008354     -0.014017
20030121      -0.017935     -0.015702
20030122      -0.006641     -0.010432
20030123       0.034540      0.010224
20030124      -0.036349     -0.029233
20030127      -0.019559     -0.016160
20030128       0.010544      0.013050
20030129       0.002538      0.006779
20030130      -0.032349     -0.022849
20030131       0.005263      0.013130
20030203       0.007853      0.005399
20030204      -0.029149     -0.014088
20030205       0.000297     -0.005435
20030206      -0.014859     -0.006449
20030207      -0.007240     -0.010094
20030210      -0.000608      0.007569
20030211      -0.025540     -0.008098
20030212      -0.019657     -0.012687
20030213       0.013367     -0.001600
20030214       0.021985      0.021435
20030218       0.021512      0.019500
20030219       0.003610     -0.007096
20030220      -0.014988     -0.009501
20030221       0.010347      0.013224
20030224      -0.023193     -0.018381
20030225       0.014184      0.007195
20030226      -0.019155     -0.013141
20030227       0.018599      0.011758
20030228       0.014607      0.004622
20030303      -0.008698     -0.007537
20030304      -0.020575     -0.015357
20030305       0.024714      0.009562
20030306      -0.011456     -0.009339
20030307       0.011284      0.008259
20030310      -0.028951     -0.025830
20030311      -0.020186     -0.008359
20030312       0.003487      0.004321
20030313       0.054643      0.034457
20030314       0.010782      0.001647
20030317       0.013333      0.035427
20030318       0.015497      0.004242
20030319       0.021019      0.008737
20030320       0.010434      0.001888
20030321       0.038236      0.022977
20030324      -0.040323     -0.035231
20030325       0.005602      0.012161
20030326      -0.000279     -0.005476
20030327       0.000279     -0.001644
20030328      -0.013371     -0.005780
20030331      -0.027386     -0.017742
20030401       0.033382      0.012144
20030402       0.040450      0.026116
20030403      -0.014039     -0.005052
20030404       0.019441      0.002738
20030407      -0.000269      0.001229
20030408       0.010478     -0.001864
20030409      -0.015156     -0.014004
20030410      -0.002430      0.006455
20030411       0.010825     -0.003763
20030414       0.028916      0.019498
20030415       0.021337      0.006303
20030416      -0.025223     -0.012236
20030417       0.020387      0.015536
20030421      -0.008709     -0.001757
20030422       0.032041      0.021704
20030423       0.008763      0.008394
20030424      -0.028295     -0.008259
20030425      -0.017880     -0.013846
20030428       0.021066      0.017835
20030429      -0.004075      0.003279
20030430       0.003836     -0.001002
20030501      -0.001274     -0.000676
20030502       0.017949      0.015039
20030505      -0.004282     -0.003795
20030506       0.010625      0.008461
20030507       0.001752     -0.005105
20030508      -0.020240     -0.010058
20030509      -0.004081      0.014278
20030512       0.008707      0.012535
20030513      -0.003046     -0.002973
20030514      -0.009422     -0.003205
20030515       0.014139      0.007868
20030516      -0.007605     -0.002504
20030519      -0.023499     -0.024918
20030520       0.007586     -0.001129
20030521       0.008827      0.004012
20030522      -0.003603      0.009151
20030523       0.009556      0.001449
20030527       0.027884      0.019567
20030528       0.023892      0.001829
20030529      -0.008994     -0.003756
20030530       0.006132      0.014690
20030602       0.008532      0.003539
20030603       0.021271      0.004716
20030604       0.018225      0.015110
20030605       0.011158      0.003954
20030606       0.004368     -0.002404
20030609      -0.018997     -0.011977
20030610       0.007933      0.009130
20030611       0.020602      0.012835
20030612      -0.000454      0.001033
20030613       0.000681     -0.009915
20030616       0.025850      0.022385
20030617       0.007073      0.000910
20030618      -0.014267     -0.001552
20030619      -0.024939     -0.015236
20030620       0.005937      0.000995
20030623      -0.021566     -0.014111
20030624       0.007425      0.001834
20030625      -0.008521     -0.008267
20030626       0.015563      0.010776
20030627      -0.016240     -0.009738
20030630      -0.004883     -0.001762
20030701       0.023598      0.008025
20030702       0.013467      0.011646
20030703      -0.011712     -0.008111
20030707       0.024157      0.018992
20030708       0.009568      0.003405
20030709       0.013665     -0.005586
20030710      -0.017178     -0.013480
20030711       0.021018      0.009548
20030714       0.021018      0.005731
20030715      -0.006154     -0.003427
20030716      -0.027974     -0.006417
20030717      -0.015378     -0.012344
20030718       0.020527      0.011806
20030721      -0.017272     -0.014618
20030722       0.011123      0.009512
20030723       0.004180      0.000506
20030724      -0.016871     -0.007091
20030725       0.019166      0.017400
20030728       0.001531     -0.002163
20030729      -0.007860     -0.007265
20030730      -0.004621     -0.001809
20030731      -0.001769      0.002856
20030801      -0.030134     -0.010259
20030804       0.009666      0.002724
20030805      -0.018236     -0.017663
20030806       0.010448      0.001678
20030807       0.013327      0.007280
20030808       0.006803      0.003562
20030811       0.003378      0.003069
20030812       0.014366      0.009953
20030813      -0.004868     -0.006382
20030814       0.003558      0.006585
20030815      -0.005096      0.000162
20030818      -0.005568      0.009155
20030819      -0.005375      0.002611
20030820      -0.005629     -0.002045
20030821      -0.005661      0.002969
20030822      -0.018447     -0.010177
20030825      -0.004176      0.000655
20030826       0.009087      0.003039
20030827      -0.008081      0.000060
20030828       0.003026      0.006069
20030829       0.006034      0.005155
20030902       0.019147      0.013869
20030903       0.007243      0.004188
20030904      -0.002022      0.001656
20030905      -0.001576     -0.006401
20030908       0.004060      0.010035
20030909      -0.005391     -0.008210
20030910      -0.007453     -0.011973
20030911       0.005916      0.005441
20030912       0.002036      0.002174
20030915      -0.003160     -0.003750
20030916       0.012228      0.014298
20030917       0.005369     -0.003255
20030918       0.038051      0.013266
20030919       0.007288     -0.003155
20030922      -0.012981     -0.013008
20030923       0.017033      0.006071
20030924      -0.013568     -0.019096
20030925      -0.012035     -0.006053
20030926      -0.013270     -0.006399
20030929       0.015653      0.009761
20030930      -0.012155     -0.010541
20031001       0.032740      0.022340
20031002       0.005319      0.001984
20031003      -0.002963      0.009419
20031006       0.004245      0.004370
20031007       0.010991      0.004737
20031008      -0.005645     -0.005263
20031009       0.006728      0.004788
20031010       0.000418     -0.000645
20031013       0.021503      0.007023
20031014       0.001431      0.003951
20031015      -0.002449     -0.002592
20031016       0.002455      0.003162
20031017      -0.012653     -0.010237
20031020      -0.004961      0.005157
20031021      -0.011840      0.001292
20031022      -0.007778     -0.014980
20031023       0.012288      0.003310
20031024      -0.003767     -0.004701
20031027      -0.018908      0.002158
20031028       0.018844      0.015187
20031029       0.000210      0.001261
20031030       0.005884     -0.001116
20031031      -0.002525      0.003601
20031103       0.013502      0.007909
20031104       0.005828     -0.005448
20031105       0.003725     -0.001367
20031106       0.008041      0.005933
20031107      -0.023318     -0.004574
20031110       0.004188     -0.005792
20031111      -0.011679     -0.000516
20031112       0.000000      0.011456
20031113      -0.006119     -0.000142
20031114      -0.014225     -0.007615
20031117      -0.002800     -0.006398
20031118      -0.015983     -0.009084
20031119       0.008341      0.008016
20031120      -0.003700     -0.008432
20031121       0.012454      0.001577
20031124       0.008632      0.016227
20031125       0.003637      0.001720
20031126       0.000853      0.004327
20031128       0.001704     -0.000236
20031201       0.011269      0.011264
20031202      -0.007149     -0.003271
20031203      -0.005718     -0.001772
20031204       0.005112      0.004687
20031205      -0.012926     -0.007684
20031208       0.016960      0.007348
20031209      -0.005911     -0.008529
20031210       0.005734     -0.001066
20031211       0.004434      0.011482
20031212      -0.000420      0.002735
20031215       0.004837     -0.005679
20031216       0.003349      0.006638
20031217      -0.009387      0.001256
20031218       0.008423      0.011798
20031219       0.007935     -0.000468
20031222       0.004765      0.003922
20031223      -0.008866      0.002818
20031224      -0.004577     -0.001807
20031226       0.000209      0.001691
20031229       0.010656      0.012401
20031230       0.001240      0.000144
20031231       0.002271      0.002055
20040102       0.009477     -0.003094
20040105       0.016122      0.012395
20040106       0.001004      0.001292
20040107       0.001404      0.002367
20040108       0.004208      0.004963
20040109      -0.004589     -0.008888
20040112      -0.000802      0.004787
20040113      -0.005015     -0.005332
20040114       0.008065      0.008295
20040115      -0.010000      0.001353
20040116       0.000000      0.006872
20040120      -0.004242     -0.000930
20040121       0.021708      0.007772
20040122       0.006553     -0.003207
20040123      -0.007299     -0.002089
20040126       0.012122      0.012106
20040127      -0.016886     -0.009798
20040128      -0.016777     -0.013610
20040129       0.013203      0.004989
20040130       0.000000     -0.002628
20040202      -0.005053      0.003651
20040203      -0.007109      0.000678
20040204      -0.006342     -0.008371
20040205      -0.009471      0.001838
20040206       0.024943      0.012555
20040209      -0.003245     -0.002581
20040210      -0.004680      0.005027
20040211       0.016762      0.010667
20040212      -0.004624     -0.004880
20040213      -0.000404     -0.005468
20040217       0.008284      0.009757
20040218      -0.006814     -0.004468
20040219      -0.008878     -0.004133
20040220      -0.004682     -0.002572
20040223       0.008795     -0.002727
20040224       0.002433     -0.001665
20040225       0.008091      0.004021
20040226       0.003210      0.001084
20040227       0.005200      0.000026
20040301       0.003979      0.009625
20040302      -0.013674     -0.005934
20040303       0.001005      0.001688
20040304      -0.008832      0.003336
20040305       0.012556      0.001723
20040308      -0.001200     -0.008350
20040309      -0.002002     -0.005779
20040310      -0.012640     -0.014633
20040311      -0.011989     -0.015224
20040312       0.014192      0.012460
20040315      -0.003853     -0.014350
20040316       0.017712      0.005623
20040317       0.016603      0.011749
20040318       0.009052     -0.001273
20040319      -0.018331     -0.011173
20040322      -0.014501     -0.012958
20040323       0.003830     -0.001324
20040324      -0.000201     -0.002395
20040325       0.009440      0.016365
20040326      -0.003979     -0.001019
20040329       0.025170      0.013005
20040330       0.012081      0.004036
20040331      -0.004621     -0.000701
20040401       0.011412      0.005292
20040402      -0.009371      0.008515
20040405       0.008301      0.007672
20040406       0.000192     -0.002095
20040407      -0.010146     -0.006645
20040408      -0.003481     -0.001061
20040412       0.010285      0.005161
20040413      -0.016519     -0.013762
20040414      -0.004883     -0.001124
20040415      -0.020216      0.000594
20040416       0.003606      0.005111
20040419      -0.002395      0.001066
20040420      -0.015406     -0.015557
20040421      -0.001422      0.005312
20040422       0.010582      0.014091
20040423      -0.009666      0.000588
20040426      -0.003863     -0.004445
20040427      -0.000612      0.002272
20040428      -0.010825     -0.013795
20040429       0.002891     -0.007591
20040430      -0.001661     -0.005916
20040503       0.009773      0.009203
20040504       0.005766      0.001843
20040505      -0.004300      0.001769
20040506      -0.023031     -0.006723
20040507      -0.016628     -0.013725
20040510      -0.028039     -0.010540
20040511       0.006166      0.007662
20040512       0.013570      0.001671
20040513      -0.007558     -0.000766
20040514      -0.006745     -0.000675
20040517      -0.017306     -0.010587
20040518       0.006465      0.006817
20040519      -0.003322     -0.002574
20040520       0.006222      0.000468
20040521       0.001325      0.004012
20040524       0.000882      0.001692
20040525       0.024680      0.016104
20040526       0.000860      0.001698
20040527      -0.000430      0.005686
20040528      -0.001935     -0.000535
20040601       0.007323      0.000464
20040602       0.005559      0.003380
20040603      -0.014246     -0.007422
20040604       0.004098      0.005248
20040607       0.021053      0.015964
20040608       0.001473      0.001543
20040609      -0.011555     -0.009499
20040610       0.006376      0.004543
20040614      -0.012883     -0.009837
20040615       0.005991      0.005972
20040616       0.000000      0.001369
20040617       0.001276     -0.001332
20040618       0.008921      0.002624
20040621      -0.006737     -0.004159
20040622      -0.004027      0.003636
20040623       0.005320      0.008507
20040624      -0.002540     -0.002981
20040625      -0.006791     -0.005453
20040628      -0.005983     -0.000952
20040629      -0.004084      0.002515
20040630       0.003669      0.004084
20040701      -0.010108     -0.010431
20040702      -0.005866     -0.003153
20040706      -0.006774     -0.008148
20040707       0.003960      0.001899
20040708      -0.010081     -0.008244
20040709      -0.003099      0.003336
20040712      -0.002887      0.001384
20040713       0.008909      0.000709
20040714      -0.004415     -0.003291
20040715      -0.019734     -0.004301
20040716      -0.013345     -0.004789
20040719       0.008482     -0.000445
20040720       0.001364      0.007058
20040721      -0.002497     -0.013340
20040722       0.015020      0.002706
20040723      -0.006502     -0.009701
20040726      -0.011284     -0.001970
20040727       0.002054      0.009935
20040728       0.004784      0.000539
20040729       0.012922      0.004574
20040730      -0.004291      0.001172
20040802       0.005217      0.004448
20040803      -0.006318     -0.006262
20040804       0.008174     -0.000964
20040805      -0.012838     -0.016320
20040806      -0.014602     -0.015481
20040809       0.006483      0.001175
20040810       0.016333      0.012974
20040811       0.003848     -0.003012
20040812      -0.010146     -0.011675
20040813       0.002506      0.001477
20040816       0.017269      0.013655
20040817       0.008711      0.002196
20040818       0.010629      0.012443
20040819      -0.003944     -0.003598
20040820       0.010779      0.006525
20040823      -0.002829     -0.002431
20040824       0.002182      0.000465
20040825       0.008275      0.008000
20040826       0.003456      0.000118
20040827       0.005596      0.002425
20040830      -0.006635     -0.007781
20040831       0.003663      0.004631
20040901      -0.002791      0.001512
20040902       0.011625      0.011212
20040903      -0.003192     -0.004185
20040907       0.007899      0.006887
20040908      -0.008261     -0.004486
20040909       0.002777      0.001890
20040910       0.006177      0.004954
20040913      -0.005080      0.001691
20040914       0.004043      0.002229
20040915      -0.004450     -0.007055
20040916       0.004257      0.002794
20040917      -0.004875      0.004495
20040920      -0.033014     -0.005627
20040921       0.005507      0.006327
20040922      -0.027820     -0.013938
20040923      -0.011266     -0.004670
20040924       0.006153      0.001579
20040927      -0.012231     -0.005936
20040928       0.016051      0.005926
20040929       0.008802      0.004270
20040930      -0.012975     -0.000197
20041001       0.016999      0.015181
20041004      -0.003120      0.003243
20041005      -0.004695     -0.000608
20041006       0.004942      0.006673
20041007       0.000447     -0.009982
20041008      -0.004468     -0.007527
20041011       0.006732      0.002005
20041012      -0.001338     -0.002268
20041013      -0.015402     -0.007301
20041014      -0.009295     -0.009303
20041015       0.005492      0.004450
20041018       0.006372      0.005252
20041019      -0.014247     -0.009686
20041020      -0.006882      0.000390
20041021      -0.007854      0.002564
20041022      -0.009080     -0.009715
20041025       0.000470     -0.000849
20041026       0.017849      0.014870
20041027       0.014075      0.012879
20041028       0.016155      0.001813
20041029       0.002485      0.002448
20041101      -0.001352      0.000274
20041102       0.013315      0.000027
20041103       0.008686      0.011198
20041104       0.017664      0.016156
20041105       0.000868      0.003874
20041108       0.002601     -0.001098
20041109      -0.000865     -0.000695
20041110      -0.003462     -0.001005
20041111       0.004560      0.009089
20041112       0.017510      0.009110
20041115      -0.008498     -0.000304
20041116      -0.013285     -0.007079
20041117       0.002823      0.005538
20041118      -0.005847      0.001362
20041119      -0.016554     -0.011161
20041122       0.000443      0.005896
20041123       0.000886     -0.000255
20041124       0.006857      0.004095
20041126      -0.002197      0.000753
20041129      -0.010128     -0.003450
20041130      -0.004671     -0.004030
20041201       0.026592      0.014951
20041202      -0.003918     -0.000873
20041203      -0.002404      0.000706
20041206       0.011391     -0.000772
20041207      -0.003682     -0.011073
20041208       0.006304      0.004877
20041209       0.003240      0.005436
20041210      -0.011413     -0.001043
20041213       0.018732      0.008990
20041214       0.002138      0.003921
20041215       0.009388      0.001945
20041216      -0.005496     -0.002082
20041217      -0.009139     -0.007472
20041220       0.001501      0.000360
20041221       0.010709      0.009040
20041222       0.023734      0.003418
20041223       0.009108      0.000463
20041227      -0.009026     -0.004305
20041228       0.000828      0.007154
20041229      -0.007032     -0.000074
20041230       0.000417      0.000082
20041231       0.003123     -0.001343
20050103       0.001868     -0.008119
20050104      -0.008494     -0.011671
20050105       0.012537     -0.003628
20050106       0.009699      0.003506
20050107      -0.005722     -0.001431
20050110      -0.006372      0.003423
20050111      -0.002482     -0.006100
20050112      -0.003111      0.003981
20050113      -0.009777     -0.008630
20050114      -0.001891      0.006005
20050118       0.013892      0.009675
20050119      -0.002699     -0.009490
20050120      -0.005620     -0.007783
20050121       0.003349     -0.006415
20050124       0.008971     -0.003528
20050125       0.003102      0.004004
20050126      -0.000618      0.004844
20050127       0.001650      0.000409
20050128      -0.003707     -0.002716
20050131       0.013849      0.008460
20050201       0.008767      0.006891
20050202       0.004042      0.003178
20050203      -0.001812     -0.002766
20050204       0.012818      0.011043
20050207      -0.001004     -0.001089
20050208      -0.005027      0.000483
20050209      -0.006063     -0.008575
20050210      -0.004067      0.004211
20050211       0.008575      0.006926
20050214      -0.003036      0.000697
20050215       0.003046      0.003300
20050216      -0.004453      0.000182
20050217      -0.007727     -0.007923
20050218      -0.004713      0.000700
20050222      -0.012765     -0.014506
20050223       0.008968      0.005607
20050224      -0.001654      0.007894
20050225      -0.000414      0.009307
20050228      -0.011599     -0.006414
20050301       0.003353      0.005658
20050302       0.005221     -0.000273
20050303      -0.003324      0.000322
20050304       0.008964      0.009624
20050307       0.001446      0.002610
20050308       0.000000     -0.004799
20050309      -0.012172     -0.010185
20050310       0.005639      0.001856
20050311      -0.007477     -0.007583
20050314       0.008998      0.005625
20050315      -0.008710     -0.007524
20050316      -0.008996     -0.008082
20050317      -0.002744      0.001801
20050318      -0.008256     -0.000471
20050321      -0.023266     -0.004934
20050322      -0.028846     -0.010196
20050323       0.000225      0.000700
20050324       0.001575     -0.000947
20050328       0.005615      0.002441
20050329      -0.009381     -0.007596
20050330       0.012852      0.013773
20050331       0.000445     -0.000694
20050401      -0.007121     -0.006497
20050404      -0.000672      0.002728
20050405       0.007849      0.004481
20050406       0.004673      0.002269
20050407       0.006866      0.005971
20050408      -0.001320     -0.008345
20050411       0.004626      0.000008
20050412       0.018417      0.005545
20050413      -0.013778     -0.011762
20050414      -0.008950     -0.010002
20050415       0.007709     -0.016720
20050418       0.010055      0.002941
20050419       0.003030      0.005934
20050420      -0.004746     -0.013255
20050421       0.003035      0.019736
20050422       0.001081     -0.006750
20050425       0.009931      0.008662
20050426      -0.003420     -0.008915
20050427       0.009224      0.004029
20050428      -0.008927     -0.011380
20050429       0.016670      0.011922
20050502      -0.009157      0.004590
20050503       0.005803     -0.000852
20050504       0.003633      0.012470
20050505      -0.001916     -0.002569
20050506      -0.006186     -0.001092
20050509       0.005581      0.006394
20050510      -0.010032     -0.010705
20050511       0.006900      0.004193
20050512      -0.006210     -0.010033
20050513      -0.010774     -0.004580
20050516       0.019386      0.010086
20050517       0.007692      0.006957
20050518       0.012299      0.010019
20050519       0.002095      0.004656
20050520      -0.000836     -0.001511
20050523      -0.004184      0.003851
20050524       0.002311      0.000176
20050525      -0.005450     -0.003400
20050526      -0.001475      0.006395
20050527      -0.002111      0.000969
20050531      -0.003596     -0.006073
20050601       0.012948      0.009039
20050602      -0.000210      0.001680
20050603      -0.003144     -0.006867
20050606       0.002733      0.001246
20050607      -0.000629     -0.000209
20050608       0.001888     -0.002163
20050609      -0.001466      0.005240
20050610      -0.000839     -0.002348
20050613      -0.000840      0.002262
20050614      -0.003992      0.002573
20050615      -0.000211      0.002218
20050616       0.002954      0.003630
20050617      -0.001683      0.004955
20050620      -0.001896     -0.000707
20050621      -0.001056     -0.002048
20050622       0.002536      0.000222
20050623      -0.011804     -0.010833
20050624       0.001493     -0.007629
20050627      -0.003834     -0.000739
20050628       0.005345      0.009138
20050629      -0.005104     -0.001431
20050630      -0.011757     -0.007101
20050701      -0.001514      0.002611
20050705       0.006499      0.008833
20050706      -0.003444     -0.008340
20050707      -0.000648      0.002452
20050708       0.005187      0.011679
20050711      -0.008600      0.006255
20050712      -0.002386      0.002272
20050713      -0.005652      0.000884
20050714       0.016616      0.002624
20050715      -0.001720      0.001158
20050718      -0.030590     -0.005530
20050719      -0.013333      0.006731
20050720      -0.004279      0.004759
20050721      -0.001357     -0.006606
20050722       0.006115      0.005411
20050725       0.002476     -0.003769
20050726       0.001572      0.001733
20050727      -0.004708      0.004573
20050728      -0.002027      0.005603
20050729      -0.008208     -0.007671
20050801       0.004598      0.000948
20050802       0.008467      0.007099
20050803      -0.000454      0.000739
20050804      -0.002951     -0.007373
20050805      -0.006603     -0.007638
20050808      -0.007564     -0.002683
20050809       0.006928      0.006745
20050810      -0.006881     -0.001827
20050811       0.004850      0.007062
20050812       0.002528     -0.005994
20050815       0.003897      0.002828
20050816       0.007993     -0.011776
20050817      -0.000906      0.000738
20050818       0.002494     -0.001000
20050819      -0.001131      0.000566
20050822       0.000906      0.001656
20050823      -0.014480     -0.003405
20050824      -0.011708     -0.006554
20050825       0.005159      0.002315
20050826      -0.003977     -0.006013
20050829       0.010209      0.005958
20050830      -0.006431     -0.003192
20050831       0.011789      0.009864
20050901      -0.001371      0.001033
20050902       0.003889     -0.002922
20050906       0.009572      0.012619
20050907       0.003612      0.002408
20050908      -0.000450     -0.003793
20050909       0.003825      0.007965
20050912       0.008967     -0.000741
20050913       0.002000     -0.007545
20050914      -0.002661     -0.003281
20050915       0.001112      0.000464
20050916       0.009327      0.008292
20050919      -0.001980     -0.005566
20050920      -0.004630     -0.007863
20050921      -0.007309     -0.009121
20050922       0.008032      0.003652
20050923       0.001328      0.000552
20050926      -0.003316      0.000280
20050927       0.000000      0.000025
20050928       0.001996      0.001012
20050929       0.010181      0.008867
20050930      -0.002629      0.000920
20051003      -0.000220     -0.001717
20051004      -0.003735     -0.009970
20051005      -0.001544     -0.014887
20051006       0.003534     -0.004096
20051007      -0.000440      0.003701
20051010      -0.003964     -0.007166
20051011      -0.009507     -0.002072
20051012      -0.004464     -0.006068
20051013       0.002691     -0.000713
20051014       0.007156      0.008268
20051017      -0.005107      0.002975
20051018      -0.007811     -0.010050
20051019       0.009672      0.014956
20051020      -0.012252     -0.015020
20051021      -0.000677      0.001520
20051024       0.016700      0.016777
20051025       0.002664     -0.002368
20051026       0.010627     -0.004312
20051027      -0.005257     -0.010475
20051028       0.010791      0.016549
20051031      -0.002614      0.007176
20051101      -0.008301     -0.003521
20051102       0.003304      0.009977
20051103       0.007464      0.004264
20051104       0.003300      0.000164
20051107       0.018202      0.002188
20051108       0.003661     -0.003451
20051109       0.004721      0.001690
20051110       0.019436      0.008446
20051111       0.005657      0.003055
20051114       0.005000     -0.000778
20051115      -0.012023     -0.003850
20051116       0.000629      0.001790
20051117       0.005242      0.009414
20051118       0.009804      0.004401
20051121       0.002066      0.005271
20051122       0.008452      0.005084
20051123       0.008585      0.003473
20051125       0.003648      0.002086
20051128      -0.004443     -0.008508
20051129      -0.004260      0.000016
20051130      -0.011000     -0.006362
20051201       0.006179      0.012157
20051202      -0.001638      0.000324
20051205       0.001640     -0.002363
20051206       0.000819      0.001276
20051207      -0.003886     -0.005009
20051208      -0.004107     -0.001217
20051209       0.008454      0.002811
20051212      -0.004703      0.000842
20051213       0.015612      0.005554
20051214       0.004045      0.004190
20051215      -0.010878     -0.001414
20051216       0.005499     -0.002848
20051219      -0.004051     -0.005839
20051220       0.000814     -0.000238
20051221       0.001219      0.002517
20051222      -0.001624      0.004221
20051223       0.001017      0.000426
20051227      -0.011982     -0.009553
20051228      -0.003700      0.001297
20051229       0.002269     -0.002981
20051230      -0.001029     -0.004887
20060103       0.015660      0.016430
20060104      -0.018462      0.003673
20060105       0.004961      0.000016
20060106       0.000000      0.009399
20060109      -0.004731      0.003656
20060110       0.003100     -0.000357
20060111       0.009065      0.003481
20060112       0.001021     -0.006274
20060113      -0.002244      0.001205
20060117      -0.010016     -0.003635
20060118      -0.001445     -0.003897
20060119      -0.008685      0.005564
20060120      -0.046934     -0.018326
20060123       0.006785      0.001847
20060124       0.000217      0.002405
20060125       0.004782     -0.001721
20060126       0.016872      0.007235
20060127      -0.002978      0.007764
20060130      -0.001067      0.001153
20060131      -0.005126     -0.003984
20060201      -0.005367      0.001859
20060202      -0.014246     -0.009061
20060203      -0.002656     -0.005359
20060206       0.002441      0.000783
20060207      -0.002657     -0.008095
20060208       0.006881      0.008663
20060209       0.009480     -0.001478
20060210       0.003713      0.002540
20060213      -0.006092     -0.003260
20060214       0.009632      0.010033
20060215       0.002819      0.003504
20060216       0.004108      0.007328
20060217      -0.004307     -0.001660
20060221      -0.001514     -0.003271
20060222       0.015378      0.007513
20060223      -0.001707     -0.003775
20060224       0.001068      0.001274
20060227      -0.001494      0.003637
20060228      -0.008764     -0.010401
20060301       0.003451      0.008261
20060302      -0.010316     -0.001626
20060303      -0.002823     -0.001482
20060306       0.003702     -0.006968
20060307       0.006726     -0.001862
20060308       0.006034      0.002030
20060309      -0.004070     -0.004881
20060310       0.010755      0.007349
20060313      -0.003192      0.001990
20060314       0.007259      0.010396
20060315      -0.003603      0.004270
20060316       0.006594      0.001773
20060317       0.001902      0.001471
20060320      -0.000211     -0.001660
20060321      -0.003797     -0.006015
20060322       0.009530      0.006021
20060323       0.002098     -0.002582
20060324       0.000837      0.000983
20060327      -0.003556     -0.001028
20060328      -0.000840     -0.006438
20060329       0.000630      0.007470
20060330      -0.007348     -0.002026
20060331      -0.001058     -0.004168
20060403       0.003811      0.002301
20060404       0.016874      0.006257
20060405       0.001037      0.004311
20060406      -0.008496     -0.001921
20060407      -0.003971     -0.010343
20060410       0.005665      0.000849
20060411      -0.009597     -0.007736
20060412       0.002739      0.001205
20060413       0.009454      0.000776
20060417       0.006243     -0.002940
20060418       0.002689      0.017365
20060419      -0.005157      0.001744
20060420       0.001451      0.001168
20060421      -0.006004     -0.000137
20060424      -0.000208     -0.002417
20060425      -0.011250     -0.004870
20060426       0.006110      0.002819
20060427       0.018639      0.003302
20060428       0.037383      0.000680
20060501      -0.009810     -0.004135
20060502       0.002831      0.006145
20060503       0.005040     -0.004082
20060504      -0.009428      0.003364
20060505       0.020049      0.010295
20060508      -0.004169     -0.000830
20060509       0.003788      0.000362
20060510      -0.000993     -0.001728
20060511      -0.016302     -0.012798
20060512      -0.009903     -0.011241
20060515       0.010614      0.002525
20060516       0.000606     -0.001869
20060517      -0.014332     -0.016841
20060518      -0.002048     -0.006699
20060519       0.001436      0.004137
20060522       0.000820     -0.003915
20060523      -0.006347     -0.004350
20060524       0.002679      0.001584
20060525       0.008426      0.011370
20060526       0.010190      0.005719
20060530      -0.011095     -0.015873
20060531       0.005712      0.008136
20060601       0.010751      0.012298
20060602       0.006221      0.001952
20060605      -0.010371     -0.017800
20060606       0.002821     -0.001138
20060607       0.003818     -0.006092
20060608       0.000000      0.001417
20060609      -0.003604     -0.004476
20060612      -0.008841     -0.012697
20060613      -0.022704     -0.010280
20060614      -0.008504      0.005189
20060615       0.018410      0.021235
20060616      -0.006574     -0.003678
20060619      -0.011166     -0.009109
20060620       0.003973     -0.000016
20060621       0.007498      0.009741
20060622      -0.004135     -0.005271
20060623      -0.008927     -0.000883
20060626       0.011730      0.004869
20060627      -0.011180     -0.009084
20060628       0.001884      0.005487
20060629       0.021108      0.021565
20060630      -0.012485     -0.002098
20060703       0.014922      0.007865
20060705       0.000817     -0.007249
20060706       0.005305      0.002494
20060707      -0.003856     -0.006750
20060710       0.005297      0.001470
20060711       0.005270      0.004087
20060712      -0.015524     -0.010939
20060713      -0.019660     -0.012959
20060714      -0.006058     -0.004902
20060717      -0.024800     -0.001383
20060718       0.003233      0.001920
20060719       0.015038      0.018555
20060720      -0.002963     -0.008477
20060721      -0.003821     -0.007077
20060724       0.011293      0.016625
20060725      -0.000211      0.006321
20060726       0.001686     -0.000378
20060727      -0.004629     -0.004100
20060728       0.021560      0.012152
20060731      -0.000414     -0.001478
20060801       0.004140     -0.004496
20060802       0.004329      0.006004
20060803       0.004926      0.001345
20060804       0.000619     -0.000711
20060807      -0.005567     -0.002806
20060808       0.001659     -0.003363
20060809      -0.009936     -0.004349
20060810       0.002927      0.004629
20060811      -0.006879     -0.003986
20060814       0.001679      0.001160
20060815       0.014459      0.013696
20060816       0.002479      0.007662
20060817       0.000824      0.001582
20060818       0.000618      0.003715
20060821      -0.002263     -0.003670
20060822      -0.001444      0.001002
20060823       0.003304     -0.004489
20060824       0.002882      0.002374
20060825      -0.001642     -0.000748
20060828       0.009868      0.005166
20060829       0.002850      0.001920
20060830       0.005278     -0.000008
20060831      -0.003433     -0.000345
20060901       0.000405      0.005515
20060905       0.001013      0.001709
20060906      -0.005868     -0.009891
20060907      -0.011805     -0.004799
20060908       0.003502      0.003787
20060911       0.004105      0.000477
20060912       0.001431      0.010442
20060913       0.006328      0.003777
20060914      -0.000203     -0.001358
20060915      -0.002029      0.002727
20060918       0.008132      0.000993
20060919       0.002218     -0.002172
20060920       0.004024      0.005211
20060921      -0.003006     -0.005395
20060922      -0.005025     -0.002466
20060925       0.011717      0.008815
20060926       0.002995      0.007517
20060927      -0.005176      0.000187
20060928      -0.000800      0.001915
20060929      -0.005207     -0.002464
20061002      -0.003624     -0.003391
20061003       0.012124      0.002096
20061004       0.018766      0.012075
20061005      -0.000784      0.002222
20061006       0.001177     -0.002690
20061009       0.000588      0.000800
20061010      -0.005090      0.002043
20061011      -0.008658     -0.002564
20061012      -0.003970      0.009541
20061013       0.003986      0.002047
20061016      -0.004565      0.002512
20061017      -0.001994     -0.003652
20061018       0.002797      0.001400
20061019      -0.006376      0.000732
20061020       0.000802      0.001200
20061023       0.014226      0.006152
20061024      -0.002963      0.000261
20061025       0.007925      0.003514
20061026      -0.000786      0.004963
20061027      -0.009247     -0.008452
20061030      -0.004766      0.000428
20061031       0.000798      0.000007
20061101      -0.001396     -0.007352
20061102       0.002795     -0.000344
20061103      -0.003016     -0.002223
20061106       0.012704      0.011346
20061107       0.005177      0.002218
20061108       0.001783      0.002083
20061109       0.000791     -0.005333
20061110       0.000395      0.001865
20061113       0.001185      0.002549
20061114       0.001184      0.006356
20061115      -0.005517      0.002405
20061116       0.003765      0.002284
20061117       0.002764      0.001029
20061120      -0.001378     -0.000500
20061121      -0.002365      0.001649
20061122       0.003161      0.002338
20061124      -0.009060     -0.003656
20061127      -0.008348     -0.013598
20061128      -0.006615      0.003488
20061129       0.006053      0.009202
20061130      -0.005415      0.000822
20061201      -0.004235     -0.002799
20061204       0.012556      0.008885
20061205       0.010200      0.004002
20061206       0.005345     -0.001315
20061207      -0.001378     -0.003971
20061208       0.022481      0.001812
20061211       0.019865      0.002270
20061212      -0.011914     -0.001047
20061213       0.001340      0.001169
20061214       0.015099      0.008689
20061215       0.018076      0.001122
20061218       0.025338     -0.003230
20061219      -0.003788      0.002158
20061220      -0.001267     -0.001417
20061221      -0.007252     -0.003674
20061222      -0.003835     -0.005316
20061226       0.010449      0.004352
20061227       0.023404      0.007015
20061228      -0.009395     -0.001479
20061229      -0.003221     -0.004513
20070103      -0.008079     -0.001199
20070104      -0.003439      0.001228
20070105      -0.005267     -0.006085
20070108       0.005112      0.002220
20070109      -0.008719     -0.000517
20070110      -0.008063      0.001940
20070111       0.000739      0.006340
20070112       0.003877      0.004853
20070116       0.007172      0.000818
20070117      -0.006938     -0.000894
20070118       0.000000     -0.002971
20070119       0.002022      0.002895
20070122       0.003303     -0.005278
20070123      -0.003475      0.003542
20070124       0.006240      0.008501
20070125      -0.016414     -0.011270
20070126       0.013721     -0.001208
20070129      -0.011158     -0.001097
20070130       0.003885      0.005772
20070131       0.015847      0.006593
20070201       0.002539      0.005354
20070202      -0.001279      0.001694
20070205       0.001647     -0.000967
20070206       0.003653      0.000698
20070207       0.000000      0.001395
20070208      -0.009281     -0.001179
20070209      -0.019104     -0.007077
20070212       0.000562     -0.003261
20070213       0.005240      0.007597
20070214       0.008751      0.007644
20070215       0.000554      0.001038
20070216      -0.002029     -0.000872
20070220       0.001664      0.002844
20070221      -0.008120     -0.001404
20070222      -0.002977     -0.000858
20070223       0.003359     -0.003564
20070226      -0.020272     -0.001254
20070227      -0.039484     -0.034725
20070228      -0.004545      0.005561
20070301       0.014096     -0.002595
20070302      -0.021731     -0.011403
20070305      -0.014409     -0.009408
20070306       0.027005      0.015494
20070307      -0.007117     -0.002465
20070308       0.005575      0.007127
20070309      -0.003366      0.000685
20070312       0.000596      0.002673
20070313      -0.031970     -0.020368
20070314       0.006769      0.006691
20070315       0.021394      0.003684
20070316      -0.011969     -0.003828
20070319       0.010701      0.010894
20070320       0.011586      0.006334
20070321       0.027449      0.017081
20070322      -0.003652     -0.000348
20070323      -0.002315      0.001094
20070326      -0.003480      0.000968
20070327      -0.009313     -0.006184
20070328      -0.001959     -0.007966
20070329       0.008634      0.003740
20070330      -0.001167     -0.001174
20070402      -0.005649      0.002597
20070403       0.007052      0.009280
20070404      -0.000973      0.001113
20070405       0.004089      0.003050
20070409       0.000194      0.000589
20070410       0.015898      0.002617
20070411      -0.011450     -0.006573
20070412      -0.002896      0.006206
20070413      -0.000968      0.003488
20070416       0.025775      0.010751
20070417      -0.007557      0.002050
20070418       0.008757      0.000693
20070419       0.001887     -0.001202
20070420       0.006216      0.009261
20070423      -0.005803     -0.002304
20070424      -0.005649     -0.000351
20070425       0.018746      0.010139
20070426      -0.004461     -0.000782
20070427      -0.003547     -0.000120
20070430       0.004684     -0.007831
20070501       0.010817      0.002651
20070502       0.001845      0.006472
20070503       0.003499      0.004325
20070504       0.002595      0.002150
20070507      -0.003882      0.002564
20070508      -0.002970     -0.001166
20070509       0.007446      0.003223
20070510      -0.016999     -0.013956
20070511      -0.001692      0.009641
20070514      -0.004707     -0.001793
20070515      -0.001324     -0.001304
20070516       0.040159      0.008626
20070517      -0.002003     -0.000918
20070518       0.003650      0.006610
20070521      -0.002909      0.001543
20070522       0.004376     -0.000643
20070523      -0.001271     -0.001207
20070524      -0.001454     -0.009703
20070525       0.003459      0.005453
20070529      -0.003810      0.001570
20070530       0.005281      0.007984
20070531      -0.012862      0.000255
20070601       0.000367      0.003737
20070604      -0.006604      0.001849
20070605      -0.004617     -0.005347
20070606      -0.010575     -0.008864
20070607      -0.015188     -0.017570
20070608       0.015423      0.011370
20070611       0.002625      0.000962
20070612      -0.016271     -0.010682
20070613       0.020532      0.015184
20070614      -0.000186      0.004816
20070615       0.005776      0.006527
20070618      -0.000371     -0.001213
20070619       0.005560      0.001731
20070620      -0.015112     -0.013601
20070621       0.004117      0.006180
20070622      -0.023295     -0.012896
20070625      -0.013738     -0.003208
20070626      -0.010447     -0.003238
20070627       0.012903      0.009009
20070628       0.000000     -0.000418
20070629      -0.010037     -0.001567
20070702       0.006824      0.010696
20070703       0.004260      0.003580
20070705      -0.006942      0.000348
20070706       0.003884      0.003304
20070709      -0.001934      0.000921
20070710      -0.011628     -0.014185
20070711       0.008039      0.005721
20070712       0.027816      0.019055
20070713      -0.006056      0.003101
20070716      -0.006283     -0.001919
20070717       0.005173     -0.000097
20070718      -0.016393     -0.002065
20070719      -0.009108      0.004469
20070720      -0.007823     -0.012221
20070723       0.002563      0.004869
20070724      -0.030476     -0.019804
20070725      -0.001985      0.004666
20070726      -0.028491     -0.023339
20070727      -0.017570     -0.015992
20070730       0.004684      0.010254
20070731      -0.013138     -0.012647
20070801       0.006012      0.007243
20070802       0.019851      0.004359
20070803      -0.032176     -0.026586
20070806       0.057524      0.024151
20070807       0.004964      0.006159
20070808       0.018522      0.014072
20070809      -0.052334     -0.029650
20070810       0.002132      0.000379
20070813      -0.009787     -0.000495
20070814      -0.018908     -0.018157
20070815      -0.001095     -0.013908
20070816       0.042535      0.003249
20070817       0.026498      0.024567
20070820      -0.008605     -0.000270
20070821      -0.006820      0.001086
20070822       0.007699      0.011713
20070823      -0.001652     -0.001072
20070824       0.003102      0.011535
20070827      -0.014639     -0.008504
20070828      -0.034526     -0.023473
20070829       0.017555      0.021922
20070830      -0.015335     -0.004181
20070831       0.014060      0.011217
20070904       0.007039      0.010468
20070905      -0.025630     -0.011501
20070906      -0.007391      0.004252
20070907      -0.003942     -0.016908
20070910      -0.003958     -0.001273
20070911       0.015673      0.013632
20070912      -0.005434      0.000048
20070913       0.013112      0.008420
20070914       0.006040      0.000202
20070917      -0.013079     -0.005120
20070918       0.050836      0.029208
20070919      -0.002067      0.006086
20070920      -0.022167     -0.006723
20070921       0.006568      0.004609
20070924      -0.019364     -0.005256
20070925      -0.006010     -0.000343
20070926       0.005182      0.005411
20070927       0.007089      0.003907
20070928      -0.004480     -0.003023
20071001       0.022498      0.013290
20071002       0.002934     -0.000265
20071003       0.000627     -0.004552
20071004      -0.005429      0.002111
20071005       0.014067      0.009560
20071008      -0.010352     -0.003217
20071009      -0.003766      0.008096
20071010      -0.010080     -0.001712
20071011       0.025032     -0.005158
20071012      -0.009313      0.004754
20071015      -0.034050     -0.008381
20071016      -0.031358     -0.006573
20071017      -0.002902      0.001761
20071018      -0.018585     -0.000753
20071019      -0.033539     -0.025616
20071022       0.005902      0.003798
20071023      -0.003990      0.008803
20071024      -0.014609     -0.002441
20071025      -0.014108     -0.000976
20071026       0.033956      0.013788
20071029       0.001407      0.003713
20071030      -0.013586     -0.006463
20071031      -0.004987      0.011992
20071101      -0.068019     -0.026423
20071102      -0.020254      0.000802
20071105      -0.048502     -0.004955
20071106      -0.022841      0.012049
20071107      -0.047606     -0.029370
20071108      -0.015265     -0.000576
20071109       0.006079     -0.014287
20071112       0.014199     -0.009988
20071113       0.069407      0.029093
20071114       0.003900     -0.007069
20071115      -0.040511     -0.013212
20071116      -0.016773      0.005230
20071119      -0.058824     -0.017460
20071120      -0.018750      0.004486
20071121      -0.021338     -0.015927
20071123       0.031565      0.016891
20071126      -0.061514     -0.023239
20071127       0.019160      0.014930
20071128       0.064974      0.028560
20071129       0.000000      0.000477
20071130       0.031279      0.007770
20071203      -0.007207     -0.005887
20071204      -0.015427     -0.006540
20071205       0.035023      0.015190
20071206       0.019590      0.015037
20071207      -0.001164     -0.001778
20071210       0.013407      0.007510
20071211      -0.044291     -0.025271
20071212      -0.052964      0.006050
20071213      -0.014617      0.001224
20071214      -0.009997     -0.013746
20071217       0.002280     -0.015021
20071218      -0.012675      0.006280
20071219      -0.005596     -0.001361
20071220      -0.010593      0.004900
20071221       0.011710      0.016670
20071224       0.024471      0.008077
20071226      -0.017108      0.000809
20071227      -0.029228     -0.014216
20071228      -0.009134      0.001436
20071231       0.005121     -0.006852
20080102      -0.017663     -0.014438
20080103       0.000346      0.000000
20080104      -0.023851     -0.024552
20080107       0.000708      0.003223
20080108      -0.039632     -0.018352
20080109       0.012896      0.013624
20080110       0.022554      0.007948
20080111       0.016008     -0.013595
20080114       0.017507      0.010871
20080115      -0.072952     -0.024925
20080116      -0.025984     -0.005612
20080117      -0.048781     -0.029093
20080118      -0.020433     -0.006045
20080122      -0.002041     -0.011085
20080123       0.080323      0.021442
20080124       0.036798      0.010063
20080125      -0.025247     -0.015872
20080128       0.037913      0.017556
20080129       0.009403      0.006152
20080130      -0.001078     -0.004764
20080131       0.021883      0.016772
20080201       0.053958      0.012238
20080204      -0.015830     -0.010463
20080205      -0.074264     -0.031995
20080206      -0.004806     -0.007624
20080207      -0.008172      0.007886
20080208      -0.025094     -0.004204
20080211      -0.008452      0.005889
20080212       0.015498      0.007266
20080213       0.004960      0.013604
20080214      -0.022779     -0.013421
20080215      -0.010101      0.000838
20080219      -0.006279     -0.000896
20080220       0.006714      0.008341
20080221      -0.017262     -0.012867
20080222       0.002794      0.007881
20080225      -0.015127      0.013813
20080226       0.008488      0.006918
20080227       0.030862     -0.000919
20080228      -0.027605     -0.008942
20080229      -0.051979     -0.027090
20080303      -0.026149      0.000534
20080304      -0.042876     -0.003448
20080305       0.002262      0.005238
20080306      -0.044244     -0.022014
20080307      -0.012282     -0.008410
20080310      -0.058345     -0.015463
20080311       0.091417      0.037130
20080312      -0.013029     -0.008996
20080313      -0.006601      0.005127
20080314      -0.061229     -0.020783
20080317      -0.058640     -0.008959
20080318       0.112245      0.042410
20080319      -0.014486     -0.024287
20080320       0.102401      0.023944
20080324       0.034222      0.015321
20080325       0.006446      0.002304
20080326      -0.058497     -0.008766
20080327      -0.011791     -0.011460
20080328      -0.044057     -0.007950
20080331       0.028325      0.005687
20080401       0.112979      0.035896
20080402       0.007550     -0.001934
20080403       0.014155      0.001302
20080404      -0.011494      0.000796
20080407       0.021595      0.001562
20080408      -0.034146     -0.005100
20080409      -0.007576     -0.008092
20080410       0.005513      0.004474
20080411      -0.014762     -0.020374
20080414      -0.036387     -0.003384
20080415       0.012883      0.004600
20080416       0.028070      0.022691
20080417       0.025171      0.000623
20080418       0.044944      0.018139
20080421      -0.003186     -0.001554
20080422       0.003596     -0.008810
20080423      -0.019506      0.002900
20080424       0.045879      0.006442
20080425       0.032609      0.006495
20080428       0.007895     -0.001052
20080429      -0.018277     -0.003889
20080430      -0.039894     -0.003846
20080501       0.041155      0.017141
20080502       0.015391      0.003236
20080505      -0.024252     -0.004534
20080506       0.004660      0.007652
20080507      -0.053730     -0.018114
20080508      -0.007353      0.003669
20080509      -0.027572     -0.006725
20080512       0.000423      0.011021
20080513      -0.025804     -0.000385
20080514       0.009553      0.004006
20080515       0.020645      0.010585
20080516      -0.025706      0.001250
20080519      -0.005623      0.000898
20080520      -0.038277     -0.009274
20080521      -0.047490     -0.016053
20080522       0.031339      0.002617
20080523      -0.027624     -0.013210
20080527       0.025568      0.006846
20080528      -0.002770      0.003963
20080529       0.020370      0.005335
20080530      -0.006806      0.001516
20080602      -0.019644     -0.010504
20080603      -0.001864     -0.005788
20080604      -0.015873     -0.000327
20080605       0.006641      0.019496
20080606      -0.054665     -0.030889
20080609      -0.022931      0.000794
20080610       0.033673     -0.002438
20080611      -0.051826     -0.016894
20080612       0.035398      0.003280
20080613       0.029663      0.015046
20080616       0.017090      0.000081
20080617      -0.017763     -0.006771
20080618      -0.002933     -0.009712
20080619      -0.011274      0.003752
20080620      -0.043133     -0.018543
20080623      -0.038860      0.000053
20080624       0.016173     -0.002815
20080625       0.000000      0.005843
20080626      -0.062599     -0.029365
20080627      -0.023769     -0.003717
20080630      -0.028406      0.001267
20080701       0.022076      0.003836
20080702      -0.016929     -0.018204
20080703      -0.001188      0.001094
20080707      -0.024970     -0.008385
20080708       0.060366      0.017080
20080709      -0.054629     -0.022776
20080710      -0.009732      0.006990
20080711      -0.005528     -0.011090
20080714      -0.059914     -0.009028
20080715      -0.043364     -0.010901
20080716       0.131181      0.025064
20080717       0.091075      0.012013
20080718       0.076795      0.000286
20080721       0.017571     -0.000539
20080722       0.060945      0.013492
20080723       0.011010      0.004064
20080724      -0.097538     -0.023125
20080725      -0.011018      0.004168
20080728      -0.075332     -0.018597
20080729       0.058520      0.023356
20080730       0.019512      0.016672
20080731       0.010633     -0.013144
20080801       0.009631     -0.005578
20080804      -0.002120     -0.008966
20080805       0.057886      0.028719
20080806      -0.011044      0.003354
20080807      -0.062437     -0.017934
20080808       0.049811      0.023893
20080811       0.022176      0.006943
20080812      -0.064581     -0.012051
20080813      -0.039374     -0.002916
20080814       0.015160      0.005522
20080815       0.025996      0.004076
20080818      -0.050135     -0.015098
20080819      -0.024404     -0.009315
20080820       0.017452      0.006197
20080821      -0.001144      0.002495
20080822       0.038351      0.011333
20080825      -0.029217     -0.019625
20080826       0.013061      0.003686
20080827       0.015695      0.007983
20080828       0.052980      0.014840
20080829      -0.004717     -0.013724
20080902       0.006319     -0.004093
20080903       0.026164     -0.002035
20080904      -0.066803     -0.029922
20080905       0.042077      0.004431
20080908       0.065548      0.020510
20080909      -0.070866     -0.034138
20080910      -0.010593      0.006149
20080911      -0.003747      0.013806
20080912      -0.034928      0.002122
20080915      -0.151448     -0.047136
20080916       0.033465      0.017515
20080917      -0.109206     -0.047133
20080918       0.186743      0.043342
20080919       0.240240      0.040257
20080922      -0.030993     -0.038237
20080923      -0.001000     -0.015633
20080924      -0.051526     -0.001978
20080925       0.023734      0.019656
20080926       0.038125      0.003167
20080929      -0.119107     -0.087897
20080930       0.155493      0.054203
20081001       0.121404     -0.004544
20081002      -0.021739     -0.040291
20081003      -0.184444     -0.013506
20081006      -0.051226     -0.038518
20081007      -0.129810     -0.057395
20081008      -0.049505     -0.011333
20081009      -0.102083     -0.076167
20081010       0.091261     -0.011759
20081013       0.116230      0.115800
20081014       0.182222     -0.005322
20081015      -0.128357     -0.090350
20081016      -0.020333      0.042507
20081017      -0.064151     -0.006213
20081020       0.014113      0.047685
20081021      -0.060305     -0.030800
20081022      -0.060649     -0.061013
20081023      -0.015766      0.012634
20081024      -0.073989     -0.034511
20081027      -0.033773     -0.031764
20081028       0.143223      0.107890
20081029      -0.037286     -0.011079
20081030       0.027885      0.025804
20081031       0.041190      0.015365
20081103       0.024908     -0.002529
20081104       0.049321      0.040826
20081105      -0.139646     -0.052677
20081106      -0.087886     -0.050264
20081107       0.026042      0.028855
20081110      -0.051607     -0.012653
20081111      -0.036574     -0.022041
20081112      -0.107407     -0.051894
20081113      -0.019710      0.069213
20081114       0.007407     -0.041699
20081117      -0.066176     -0.025810
20081118      -0.059618      0.009838
20081119      -0.234450     -0.061156
20081120      -0.264062     -0.067123
20081121      -0.199575      0.063248
20081124       0.578249      0.064723
20081125       0.021849      0.006551
20081126       0.159540      0.035328
20081128       0.175886      0.009643
20081201      -0.221954     -0.089295
20081202       0.119380      0.039941
20081203       0.083103      0.025836
20081204      -0.053708     -0.029308
20081205       0.041892      0.036499
20081208       0.098573      0.038387
20081209       0.008264     -0.023118
20081210      -0.028103      0.011894
20081211      -0.087952     -0.028524
20081212       0.017173      0.007028
20081215      -0.038961     -0.012686
20081216       0.112162      0.051360
20081217      -0.048603     -0.009593
20081218      -0.051086     -0.021163
20081219      -0.055182      0.002937
20081222      -0.038462     -0.018302
20081223      -0.034074     -0.009717
20081224       0.039877      0.005781
20081226      -0.007375      0.005356
20081229      -0.023774     -0.003873
20081230       0.035008      0.024407
20081231      -0.013235      0.014158
